128 128
65 45 36 26 28 22 7 89 141 143 91 116 118 115 125 132 117 70 102 99 95 101 110 105 71 112 84 65 64 72 61 55 106 102 87 81 120 121 201 142 88 138 134 202 92 95 73 63 67 65 140 216 193 93 80 182 175 152 112 64 56 85 158 134 128 198 153 114 89 87 138 132 163 228 219 83 49 52 52 53 52 44 55 68 76 74 26 1 18 23 27 45 58 61 63 63 67 26 55 65 22 95 124 127 127 129 131 108 78 75 67 72 69 80 73 74 78 73 84 73 75 134 143 113 80 96 96 90
116 116 110 96 55 9 6 57 131 136 108 99 140 127 116 124 120 66 99 121 111 88 95 106 68 100 107 87 72 64 108 62 103 115 97 106 119 118 185 178 102 107 143 176 144 83 84 67 69 63 90 195 208 135 51 156 183 162 129 82 73 90 116 174 89 191 168 127 93 87 107 159 128 223 232 137 46 52 52 53 54 48 49 67 74 76 50 0 17 14 18 28 40 35 42 51 73 43 35 74 27 72 131 133 134 131 128 127 80 68 66 72 69 71 68 76 78 72 76 70 66 115 146 133 94 96 94 92
126 123 103 95 74 11 8 31 117 132 117 69 127 138 133 117 132 96 73 121 124 121 94 103 94 70 124 104 89 81 105 87 86 126 100 113 108 133 145 201 127 87 146 140 193 75 86 34 29 55 59 139 216 167 54 107 185 171 142 92 75 81 89 173 94 157 188 142 105 89 91 160 116 199 231 192 56 51 52 53 54 52 44 62 71 76 67 7 17 18 15 20 35 21 35 35 68 61 22 70 47 39 130 142 138 132 131 130 89 75 69 71 66 62 65 70 77 73 54 58 64 96 141 137 107 97 95 94
131 74 34 35 41 20 8 15 117 125 141 90 116 137 137 134 115 126 69 120 130 128 128 97 101 71 125 133 116 120 104 89 67 122 109 109 113 130 117 201 158 89 125 132 197 107 84 63 12 22 40 67 197 202 79 58 170 177 102 59 46 46 66 146 139 109 199 160 121 89 86 132 137 157 229 224 91 47 52 53 54 53 45 55 69 75 74 37 15 22 17 19 35 42 31 42 62 63 25 47 61 18 85 121 112 111 105 103 85 76 76 65 72 62 70 68 75 78 60 61 61 77 134 140 123 95 99 89
127 116 135 122 70 16 26 6 92 141 122 114 101 141 138 140 130 112 84 101 136 133 135 131 98 74 96 132 137 135 107 96 65 79 108 100 114 107 117 174 189 109 94 141 158 163 70 76 17 24 46 51 151 215 137 38 97 87 39 48 37 33 45 110 184 86 186 179 132 95 86 101 160 118 219 232 147 46 53 52 53 53 48 48 67 73 76 61 15 20 25 23 31 46 48 52 60 73 47 21 64 28 80 155 148 148 146 140 127 81 76 66 68 67 67 67 73 80 74 73 68 68 118 145 135 97 99 88
136 182 217 210 141 26 43 22 54 147 128 110 84 127 138 141 138 107 96 67 115 129 134 129 101 101 54 102 115 118 113 124 93 65 108 89 92 96 121 135 206 140 88 125 128 199 80 79 59 24 50 53 93 194 189 64 42 55 53 70 73 52 54 89 186 104 143 196 146 105 83 84 155 117 192 231 199 60 51 52 52 53 50 45 62 70 76 73 26 13 17 15 24 35 36 37 43 72 69 20 65 55 43 152 154 154 156 156 153 107 72 70 73 77 70 70 72 75 70 70 70 65 95 144 143 109 95 94
120 131 140 159 125 56 26 48 22 124 125 125 95 79 117 122 121 117 131 70 85 108 113 118 124 122 67 107 118 109 116 123 114 63 110 105 84 99 117 117 195 173 100 105 130 182 127 51 72 69 75 64 72 124 141 84 47 46 50 59 57 62 57 61 148 151 94 195 162 113 84 86 127 145 149 229 227 100 48 52 52 52 52 45 54 69 74 76 46 10 14 11 15 29 28 28 33 60 78 31 44 73 28 124 156 153 157 155 157 132 70 73 69 80 72 72 72 79 72 70 71 65 75 136 144 129 92 99
77 119 81 73 67 55 21 52 15 69 128 135 126 77 123 117 113 120 128 96 74 119 111 104 116 126 85 87 133 127 111 113 122 69 86 109 93 103 98 121 160 198 122 84 138 143 181 57 52 75 79 79 79 74 65 77 70 78 73 79 76 68 82 66 108 183 79 172 184 134 93 88 97 164 116 216 232 158 48 54 52 52 52 48 47 67 72 76 66 13 14 16 17 29 45 33 37 57 80 52 26 75 39 83 162 154 156 156 155 152 86 71 69 79 73 65 73 76 81 72 68 60 59 117 146 140 103 96
71 122 99 55 39 12 14 22 28 45 121 125 131 76 107 137 125 112 123 108 62 118 129 121 101 116 106 62 115 126 132 111 114 104 69 108 89 110 103 118 124 205 152 82 124 124 198 91 46 76 74 81 79 80 69 76 76 75 82 76 76 64 82 74 88 175 116 133 201 155 107 85 85 151 121 186 231 208 67 51 53 53 53 50 43 61 70 76 77 30 10 23 26 29 51 54 54 61 76 70 20 56 60 44 154 158 160 164 158 161 116 67 70 73 76 71 73 72 84 76 74 67 54 91 143 141 119 100
85 94 114 54 24 11 12 6 48 62 128 120 133 101 83 137 137 129 114 135 83 96 133 133 130 105 122 72 103 127 125 128 104 105 68 110 101 95 105 110 116 184 182 101 96 133 165 148 49 65 74 74 73 77 71 68 72 69 84 76 78 68 79 77 78 140 166 90 195 171 121 88 89 121 150 143 229 231 111 48 53 53 53 52 45 53 68 75 78 49 8 16 15 27 39 43 40 53 67 80 34 37 70 31 128 165 163 163 162 160 141 72 75 70 77 73 87 83 80 78 76 83 66 73 138 141 132 101
116 95 135 78 48 24 9 7 30 71 115 135 119 127 79 128 136 138 132 116 113 78 128 133 136 131 107 96 87 137 134 131 127 90 70 90 114 95 116 103 125 144 203 129 79 135 127 193 65 53 72 76 76 75 75 70 79 72 78 79 84 84 71 79 73 104 184 86 168 191 143 99 91 98 165 117 214 233 169 49 54 54 53 52 48 46 65 71 77 71 15 13 17 19 31 44 33 47 54 79 52 23 58 36 81 166 163 162 159 160 157 87 71 71 77 74 85 86 78 79 73 83 80 64 122 144 142 105
129 104 146 97 61 41 19 18 15 71 84 137 135 121 92 111 140 137 139 129 113 76 119 135 136 141 124 98 65 106 126 133 123 91 98 53 78 81 96 95 126 120 200 161 84 111 121 192 109 50 70 77 82 76 78 70 76 76 72 79 79 87 74 81 72 78 166 135 125 205 163 116 90 89 148 128 177 232 214 73 52 54 53 53 50 44 59 70 76 81 32 11 21 24 31 47 48 48 63 71 58 18 58 62 42 152 162 162 163 163 161 115 70 74 77 75 77 87 76 77 72 79 85 64 94 147 144 110
122 104 106 94 76 61 50 46 46 99 72 131 142 117 102 71 118 131 135 121 105 89 83 123 127 132 113 121 82 62 93 99 102 111 120 71 58 59 60 82 111 126 169 190 107 84 132 151 166 52 62 61 67 67 71 72 69 80 68 78 74 82 79 80 75 79 119 179 93 197 179 134 93 90 114 154 135 227 231 120 48 54 54 52 51 45 51 67 73 79 53 9 18 22 26 43 56 51 57 68 74 32 39 72 32 123 161 159 161 161 158 140 75 80 75 82 80 84 77 73 76 77 83 73 74 141 144 130
122 110 68 96 88 77 69 92 88 71 87 101 128 119 131 72 85 114 113 115 128 122 74 123 120 118 125 133 113 56 90 91 90 98 109 96 59 67 59 51 73 138 132 205 137 76 126 120 197 75 51 42 17 41 52 57 55 53 55 63 68 63 70 66 69 71 80 174 102 165 197 150 103 89 90 158 109 205 230 176 50 53 53 53 51 48 46 64 71 76 70 14 14 15 23 32 52 31 49 52 77 57 21 71 44 82 163 163 161 161 158 155 88 77 76 83 82 84 84 69 76 74 79 80 70 126 147 141
120 137 83 80 109 105 113 122 118 59 96 72 116 124 131 102 61 116 115 108 119 128 75 107 136 127 121 128 122 57 78 101 105 90 95 101 55 60 57 57 55 123 120 192 168 87 99 122 177 129 46 54 17 20 39 41 44 29 47 45 53 35 51 51 42 55 61 149 147 118 204 165 118 86 79 133 120 162 227 216 75 48 52 53 51 50 44 58 69 75 78 31 11 20 19 27 53 43 43 52 72 74 20 57 64 49 156 159 160 162 160 160 112 72 73 80 84 82 88 73 73 74 78 84 70 104 146 144
125 132 114 59 111 110 104 115 118 65 81 75 113 113 120 111 52 103 125 120 108 125 97 79 128 134 128 117 134 93 58 102 107 110 89 93 69 62 59 51 50 92 132 155 196 111 76 125 124 158 53 37 19 16 39 49 53 48 41 53 59 38 39 53 46 36 49 118 189 88 189 178 130 85 77 99 147 119 220 230 126 44 53 52 52 52 46 51 67 73 76 56 9 19 25 27 40 59 56 59 68 78 39 43 81 40 127 160 160 162 160 161 137 76 76 77 83 80 80 74 71 75 77 83 71 85 139 146
122 123 125 62 97 120 115 109 126 93 60 87 92 125 115 121 83 75 116 124 126 110 123 74 121 132 133 131 111 122 57 92 108 109 113 87 79 60 63 55 50 64 129 120 190 131 72 103 97 148 76 44 25 19 48 50 53 55 59 59 63 65 64 64 58 60 66 88 186 102 146 189 143 94 77 79 148 101 194 223 182 52 52 53 52 53 49 45 63 70 75 76 24 15 17 18 26 47 35 42 54 76 60 28 81 54 78 160 160 161 163 163 156 86 75 74 86 82 71 74 69 76 75 77 74 72 130 146
138 120 127 101 70 114 118 117 110 124 57 90 72 119 126 113 108 67 112 116 126 125 111 88 105 137 136 136 127 110 78 84 112 114 124 105 74 62 58 53 50 45 86 100 142 136 83 82 103 128 111 48 31 37 68 56 49 43 62 64 56 57 49 56 49 47 52 70 152 150 98 193 159 115 81 72 123 126 156 225 220 86 50 52 52 52 51 43 57 68 75 78 47 12 17 15 19 37 28 32 39 68 74 25 64 71 44 147 158 160 161 160 162 112 73 74 80 85 72 80 71 75 73 78 82 70 115 149
134 138 115 116 70 111 112 116 121 115 82 78 76 109 127 132 106 75 102 118 128 138 113 93 75 121 132 136 136 98 92 59 98 106 114 98 98 80 47 45 38 34 53 99 116 151 100 66 107 101 142 58 41 32 65 72 65 59 66 79 67 72 69 76 75 63 72 66 114 188 80 178 178 128 83 76 96 153 119 220 232 142 47 52 52 53 52 46 50 67 73 75 64 15 19 20 21 35 51 42 51 61 70 38 41 79 39 113 157 157 159 160 164 131 74 77 77 84 72 75 75 72 80 77 81 74 92 146
134 136 137 108 78 93 112 109 123 106 95 57 89 84 122 113 95 88 62 113 121 123 107 121 73 95 114 116 111 108 119 65 92 102 97 106 107 98 54 52 45 37 42 87 98 151 120 70 92 93 139 84 49 33 48 70 66 68 64 76 77 70 71 73 77 68 75 64 82 176 105 129 187 144 100 80 80 150 113 194 230 196 57 50 52 52 52 48 45 63 70 74 79 34 13 24 23 31 49 50 51 58 68 60 24 74 55 66 153 151 157 160 159 144 82 76 75 80 75 67 78 69 75 75 80 79 76 137
119 126 119 104 106 64 100 100 102 102 119 64 89 66 97 103 124 71 29 100 112 114 117 123 97 78 122 116 112 117 118 84 70 112 107 95 97 97 58 49 50 47 40 61 93 131 138 82 70 102 113 121 48 35 35 64 66 68 68 67 70 67 70 68 72 62 69 69 69 129 156 92 193 164 118 83 78 122 134 149 227 225 93 44 50 53 52 50 44 56 67 74 78 47 9 20 14 26 42 40 37 45 62 70 30 57 73 41 136 152 155 157 155 158 116 73 77 79 78 68 78 72 78 77 77 80 70 120
111 109 110 121 126 72 99 106 98 108 117 86 67 80 92 106 85 47 41 62 80 85 90 94 88 58 103 119 113 107 118 102 55 98 107 111 92 94 83 44 48 44 43 44 84 103 146 101 63 102 92 142 62 41 31 61 74 63 63 66 65 61 68 70 65 60 64 72 64 97 182 84 172 183 138 92 80 91 151 109 213 229 146 39 48 52 52 51 46 49 66 72 75 70 13 17 14 16 33 40 27 36 56 74 48 35 79 43 93 153 153 155 154 155 141 77 80 75 73 72 76 79 78 80 75 74 71 103
106 121 110 107 117 80 71 98 94 97 105 95 52 95 78 97 47 47 53 55 55 55 57 58 58 57 59 62 66 62 98 119 71 76 99 98 105 84 86 49 49 46 40 40 71 92 142 122 68 83 94 129 95 40 37 51 75 60 51 60 68 67 66 71 64 64 62 72 60 78 167 120 132 197 156 107 79 73 134 100 175 223 195 52 44 52 52 51 48 44 62 69 75 76 22 12 24 24 34 50 51 48 65 75 66 22 67 54 51 143 148 153 156 153 155 99 77 73 70 74 72 80 75 81 77 76 75 84
82 124 126 108 107 100 36 57 63 77 88 104 68 87 65 49 47 50 52 54 56 57 57 58 58 57 57 57 47 23 89 99 94 68 104 102 102 101 73 56 49 53 48 42 55 90 119 138 82 64 107 112 165 48 41 39 47 55 49 54 64 67 60 69 66 66 62 65 63 63 133 172 93 196 170 127 81 67 98 120 125 216 221 94 38 51 53 51 50 44 55 67 75 79 50 10 19 21 27 48 54 57 68 81 77 30 45 68 31 117 151 154 156 151 159 120 77 78 70 74 68 66 69 79 79 78 79 73
56 113 121 125 100 71 39 47 58 57 71 82 84 65 76 51 53 52 53 53 54 55 56 56 56 55 55 51 28 21 61 114 88 64 95 109 112 104 67 71 42 45 46 44 41 81 100 157 114 61 101 100 180 84 34 42 13 26 43 48 50 41 51 53 48 54 50 55 47 40 89 194 88 165 181 138 89 67 71 140 94 200 222 151 39 50 52 52 51 46 48 66 73 76 72 16 14 14 17 34 43 32 52 61 75 47 26 65 33 83 151 153 151 150 157 143 80 80 69 78 75 70 69 76 81 75 90 78
71 100 122 123 89 52 43 35 54 54 55 68 77 60 52 51 51 50 52 53 53 55 56 58 58 57 54 33 24 24 33 83 85 71 65 94 95 89 90 94 47 36 38 34 32 75 109 168 163 73 74 107 139 140 35 45 19 20 32 42 49 31 40 44 40 38 35 36 20 30 49 169 130 115 190 148 104 71 63 126 102 165 219 200 58 46 51 52 52 50 44 61 69 76 80 35 9 22 20 30 54 46 47 64 67 64 23 57 50 48 141 151 151 151 151 149 92 79 68 76 77 66 67 72 81 75 85 88
87 69 111 102 73 53 43 25 37 45 50 45 49 117 112 106 111 109 92 81 74 68 62 58 54 51 37 23 24 25 22 62 103 91 58 94 93 89 93 93 63 35 42 36 31 57 113 129 185 99 58 105 98 176 55 45 39 23 51 56 55 58 47 58 59 43 37 48 44 28 44 120 178 80 183 165 124 78 67 94 129 119 215 219 103 39 49 52 52 51 44 54 68 75 79 66 11 21 27 27 50 61 66 67 66 73 31 47 67 34 123 150 150 153 151 154 118 77 72 69 64 66 63 68 73 75 85 93
114 60 87 62 55 50 54 32 29 39 36 37 47 125 143 134 185 207 202 207 202 194 186 178 172 113 20 24 24 24 22 37 85 92 55 78 96 90 81 90 81 39 41 36 33 38 98 108 179 133 58 82 89 160 103 47 60 47 42 50 42 45 41 42 43 47 40 47 56 45 46 78 186 93 152 183 143 93 68 71 143 97 199 222 161 37 45 52 52 52 47 47 65 72 76 79 20 14 17 15 37 47 37 52 60 69 45 33 71 38 87 147 147 149 150 153 141 84 76 66 73 67 60 66 72 81 79 90
131 78 63 66 53 49 50 40 20 37 36 33 31 86 149 169 201 213 218 235 238 234 232 234 231 220 48 20 24 24 24 24 61 83 69 57 84 86 89 78 87 54 38 38 35 34 71 109 146 167 75 56 92 112 156 49 55 57 52 57 60 64 54 60 53 56 50 40 41 44 39 49 155 144 108 194 156 112 73 67 122 106 155 216 202 60 42 50 52 52 50 44 60 69 75 83 33 9 19 14 24 49 31 40 51 68 65 21 66 55 55 143 148 148 149 151 152 98 75 67 66 65 60 63 68 80 75 87
114 69 39 73 68 49 41 43 20 24 30 33 31 47 142 168 142 184 200 231 235 235 235 238 227 214 120 17 24 24 24 21 57 74 77 51 82 88 84 84 73 64 39 42 37 31 46 104 108 178 101 49 86 83 173 76 17 20 24 33 45 56 55 59 59 62 58 50 44 48 52 45 108 186 83 185 178 137 85 65 86 132 113 213 220 113 36 47 52 52 50 44 53 67 74 80 62 10 20 26 31 54 62 52 63 68 72 29 51 64 31 123 148 145 143 148 153 116 69 75 67 71 63 65 66 76 77 80
79 66 38 60 65 60 44 36 28 16 26 26 32 25 105 169 150 162 194 220 233 234 235 236 239 225 196 33 23 24 22 36 75 80 71 58 66 92 92 92 77 60 45 43 38 35 38 83 98 161 135 55 63 79 106 50 5 6 7 15 19 26 33 39 42 42 44 34 26 28 35 31 63 183 109 150 193 152 93 69 68 139 94 190 221 171 40 44 52 52 51 46 47 64 72 78 78 22 14 24 23 45 61 61 59 65 72 50 33 71 34 87 149 146 141 144 147 136 81 89 76 72 68 76 73 73 79 74
80 60 49 50 68 59 55 35 26 15 25 26 28 24 59 156 165 145 190 205 233 234 237 237 238 235 226 92 17 23 27 68 82 83 70 68 47 74 81 85 68 74 59 34 35 34 32 55 102 120 154 67 43 71 46 17 23 31 11 14 16 20 24 23 22 21 21 6 7 8 13 18 25 131 157 100 194 165 116 73 63 112 111 145 215 208 71 41 51 52 52 48 42 58 69 76 81 35 13 19 18 28 49 31 46 49 68 66 23 61 50 52 140 145 143 144 147 149 94 84 86 75 77 73 79 72 78 74
94 74 51 40 63 62 57 46 23 16 18 23 27 26 24 127 173 145 174 196 227 234 237 240 227 215 219 158 19 22 61 83 77 76 81 86 60 71 81 75 76 83 76 39 36 33 30 37 72 72 105 67 38 40 19 16 31 61 22 13 15 18 21 20 20 19 17 13 12 10 11 15 12 74 182 87 180 179 138 79 65 81 138 109 212 224 126 38 49 52 52 51 45 52 66 73 79 55 12 20 23 21 49 52 37 43 67 73 30 43 71 35 124 147 146 145 148 149 115 77 86 74 76 70 73 71 75 77
62 96 59 42 40 52 50 41 32 24 10 19 19 18 10 82 166 158 152 193 212 235 229 230 219 214 209 202 57 22 41 64 73 75 79 88 84 65 86 90 85 81 79 48 33 35 31 28 40 55 84 74 41 24 17 11 17 47 45 17 15 17 15 18 20 19 12 15 17 17 14 14 12 37 166 117 138 189 151 96 70 66 135 98 186 222 182 46 43 50 52 52 47 45 63 70 75 76 26 16 30 28 45 66 69 65 67 78 57 27 75 44 85 149 148 145 147 150 136 80 86 78 67 70 73 74 76 77
29 55 76 54 38 52 42 41 39 31 13 20 19 19 16 36 144 170 134 171 198 232 224 178 131 145 148 166 89 16 19 26 35 50 67 74 70 50 71 82 93 94 94 78 40 33 30 28 29 48 65 82 42 19 46 49 45 49 71 39 38 44 14 13 17 10 12 20 18 17 15 12 14 15 120 168 99 194 168 119 75 65 107 118 142 216 216 81 33 44 51 52 49 42 57 68 73 78 40 13 22 17 29 45 46 40 52 70 72 26 61 63 49 143 147 146 147 150 149 96 85 83 70 71 72 76 72 80
23 23 24 24 25 28 26 26 23 23 21 21 21 20 20 16 106 166 141 138 183 219 234 171 17 14 17 20 21 16 11 16 19 21 27 41 51 44 61 83 77 81 88 100 65 37 34 31 27 39 50 77 27 42 60 60 60 60 60 62 63 45 11 8 11 10 17 18 11 15 15 13 10 10 73 195 95 179 183 138 81 70 80 136 97 203 219 134 30 39 49 51 49 43 49 65 70 75 56 11 16 15 18 30 37 25 41 53 73 39 43 75 33 121 151 149 149 148 153 123 81 86 77 72 69 75 72 78
26 27 25 25 26 26 27 24 23 23 25 25 25 19 20 21 63 148 151 140 188 204 235 216 63 14 20 20 19 17 9 9 10 9 9 12 12 13 17 42 63 72 71 75 69 35 34 36 31 32 48 35 35 59 57 57 57 58 59 61 51 24 17 7 9 13 17 21 16 12 13 16 11 8 30 174 130 135 195 158 101 71 61 126 94 173 216 184 46 37 47 50 49 46 44 61 68 73 73 20 11 23 17 30 44 44 38 57 71 55 27 76 46 88 154 152 153 151 151 146 88 80 78 68 69 76 76 77
30 30 33 36 33 31 27 27 27 25 28 29 27 24 25 24 33 126 159 141 174 196 229 228 125 14 20 20 19 17 19 24 25 25 27 27 27 25 22 19 19 24 25 26 27 17 16 19 23 23 31 26 56 57 56 56 57 58 60 57 28 21 21 10 9 13 15 14 14 12 12 14 14 12 12 119 179 98 197 172 118 72 63 99 119 131 215 214 87 31 45 51 50 49 44 54 65 70 75 39 7 22 27 31 48 70 68 70 69 70 25 64 63 50 144 148 151 153 152 154 102 67 71 67 69 74 79 75
36 35 40 37 40 36 36 37 33 32 35 40 36 31 28 30 30 90 162 158 154 193 214 236 177 30 19 20 19 17 22 28 33 38 41 43 45 46 48 49 50 49 48 47 46 45 43 40 38 35 33 48 53 49 49 51 53 55 60 36 20 21 21 13 10 31 41 35 26 31 23 22 18 17 10 59 196 98 171 184 140 83 70 75 137 98 200 215 141 31 45 51 49 49 44 47 61 67 72 59 10 16 14 20 25 40 42 62 60 72 35 46 72 38 114 145 149 149 149 149 124 74 71 69 69 73 77 75
44 45 42 40 47 45 40 44 45 39 39 41 41 39 39 41 37 57 145 167 144 186 201 227 206 89 14 19 18 21 28 36 42 43 44 46 47 48 49 50 51 52 54 54 55 56 56 57 57 56 102 127 110 108 108 92 82 71 42 22 21 21 20 18 10 30 50 63 44 55 47 48 48 44 42 26 168 143 133 199 159 102 74 66 123 99 165 209 183 50 45 49 48 48 45 42 56 63 69 70 19 12 19 16 22 28 26 39 57 65 54 33 68 48 79 152 151 149 147 147 141 83 70 70 66 70 73 74
45 53 43 41 51 50 44 46 47 42 46 42 48 48 47 45 41 45 117 165 150 167 194 222 216 145 17 17 23 33 40 44 45 46 47 49 51 51 50 51 52 53 53 54 54 54 54 55 56 54 95 161 157 188 221 208 222 215 73 17 21 21 20 20 11 19 47 60 52 51 53 44 50 49 55 28 109 188 101 199 176 121 76 65 93 125 125 210 212 96 43 50 48 47 47 41 50 60 67 70 40 9 17 23 28 30 32 41 63 63 61 27 60 63 45 145 155 152 152 153 154 105 69 71 64 65 74 75
59 58 45 49 58 53 46 48 50 52 50 49 50 47 47 49 42 44 84 154 162 149 192 208 237 199 50 27 36 38 39 41 42 44 47 49 50 52 51 52 54 54 54 55 54 54 54 56 57 57 69 150 182 173 205 216 224 222 140 17 21 21 21 20 16 12 31 39 41 40 49 42 45 47 49 39 53 189 113 169 188 136 82 73 80 142 117 206 223 159 45 50 49 47 47 43 44 57 63 67 53 10 14 15 17 24 30 23 39 64 61 36 47 70 32 125 157 152 154 152 151 132 72 70 63 60 67 76
63 60 53 54 63 66 59 48 55 60 53 51 56 53 54 52 50 52 58 135 166 147 180 196 230 227 184 186 173 157 137 117 108 93 79 72 66 59 54 50 49 48 48 49 50 51 52 54 55 58 60 129 176 171 193 215 216 238 197 39 20 21 20 20 19 11 11 17 16 15 20 19 23 25 24 27 30 146 157 128 197 155 101 81 88 130 125 170 224 209 68 46 49 47 46 45 43 52 58 63 57 19 11 12 11 16 24 16 23 35 59 49 31 69 41 69 149 151 150 150 147 146 89 73 69 62 61 69
68 60 55 59 63 60 60 54 61 65 58 56 57 51 56 57 55 56 49 105 158 157 161 194 216 230 228 234 232 233 226 221 229 225 219 215 206 196 186 170 159 148 136 122 110 100 89 80 72 66 60 95 177 203 219 219 204 236 230 91 15 21 21 20 20 13 14 20 13 16 14 12 11 8 11 8 3 95 187 102 184 170 123 93 87 100 119 129 207 216 83 44 47 46 46 45 47 54 54 53 40 17 8 14 15 18 23 23 22 29 52 59 29 52 51 23 119 145 145 148 145 145 108 67 71 63 59 70
71 66 66 66 68 66 63 56 62 67 64 63 58 48 51 55 62 57 56 75 147 165 149 190 201 232 233 234 236 235 235 233 235 235 234 234 235 233 234 219 228 232 232 230 228 226 220 217 208 185 186 188 213 213 207 213 215 235 239 156 19 21 21 21 21 16 12 14 16 17 17 20 16 14 14 9 7 84 180 89 159 146 104 87 87 106 109 147 196 179 59 47 47 47 47 46 53 56 57 45 30 31 8 10 11 12 15 15 17 19 33 39 18 21 40 16 53 90 103 113 113 114 95 59 70 69 64 68
75 69 77 74 71 72 74 69 67 71 69 70 64 51 57 65 65 66 67 65 128 160 154 174 195 224 233 234 228 234 236 236 237 238 237 236 236 236 236 237 235 235 235 234 234 234 232 233 230 225 232 232 228 222 226 236 235 236 240 205 47 19 21 21 21 20 12 15 24 22 27 29 18 19 12 18 19 105 164 96 173 140 95 76 73 107 96 165 194 148 46 48 47 46 47 48 58 59 60 38 38 31 9 8 8 11 12 8 13 17 28 21 12 23 24 24 52 66 66 62 63 66 59 48 46 49 49 45
80 70 73 74 71 78 78 72 68 74 66 57 64 58 61 66 63 73 73 62 95 152 163 156 195 209 235 228 157 204 223 224 227 214 215 231 232 234 235 235 236 236 236 236 236 236 236 236 237 237 236 236 236 236 236 235 235 235 237 232 107 15 22 22 22 22 15 15 31 29 31 32 25 18 17 29 40 134 143 111 174 136 91 75 76 111 105 183 196 117 41 50 47 46 47 51 60 64 58 29 25 18 12 14 16 18 18 17 21 29 33 20 18 33 18 47 79 82 79 81 82 78 47 40 40 40 37 31
86 74 72 83 77 73 78 76 70 74 58 45 52 59 64 77 69 74 74 66 76 141 163 152 186 198 231 225 209 225 221 225 209 202 211 219 220 220 219 220 221 221 224 226 226 228 230 231 232 234 235 236 236 236 237 236 235 235 236 241 175 24 21 22 22 22 19 12 26 32 35 31 28 17 24 37 50 157 129 138 178 135 97 81 92 112 129 196 201 94 42 50 48 47 47 55 63 69 55 28 19 14 16 16 22 24 26 28 40 37 37 16 35 33 25 82 95 91 91 93 94 72 47 48 53 50 43 41
86 80 64 79 84 77 82 78 73 75 62 50 59 70 70 83 74 79 80 64 67 121 156 160 166 197 218 236 209 209 211 215 209 215 220 221 223 224 223 225 226 226 226 225 222 223 221 221 221 220 219 207 203 219 222 223 222 222 232 238 223 63 17 21 21 22 22 13 20 36 44 36 33 22 21 40 64 173 115 156 177 130 96 84 110 120 155 209 203 79 47 50 49 48 48 59 65 71 54 32 17 13 10 17 16 21 17 22 33 47 34 16 47 26 52 108 106 100 102 103 101 63 48 48 51 48 46 46
88 80 69 79 76 74 84 80 73 83 78 59 68 86 80 86 78 77 82 72 65 93 147 166 153 193 203 235 204 113 103 118 137 149 163 179 189 198 206 210 213 217 218 219 220 221 222 224 224 225 220 207 221 224 226 217 205 213 208 233 241 129 15 22 21 22 24 17 14 47 53 39 40 36 22 27 76 190 108 171 178 131 98 86 126 125 179 216 202 71 50 51 50 48 48 61 69 72 57 33 13 16 13 16 19 21 22 33 43 56 31 29 49 25 85 118 113 106 109 108 96 55 53 54 51 48 47 48
91 93 82 80 82 81 83 86 81 88 85 72 77 93 82 86 81 83 90 73 73 81 134 162 156 176 198 221 209 122 7 12 15 16 21 27 32 44 58 71 91 108 123 142 156 168 182 190 197 203 202 206 208 213 213 191 165 189 208 219 241 193 32 21 23 22 23 21 11 36 52 46 48 45 35 16 90 193 107 183 173 128 98 89 140 127 195 221 196 65 52 51 50 49 51 63 72 70 42 23 11 16 18 21 20 29 46 48 54 55 25 48 52 34 111 121 117 115 116 114 91 54 63 60 57 52 56 52
91 95 95 86 86 81 85 86 80 87 79 83 81 97 91 83 83 87 99 80 88 86 116 153 165 156 198 207 230 199 38 15 17 16 15 13 9 6 5 3 2 2 2 5 10 18 28 45 62 71 83 96 125 144 156 167 177 165 208 207 236 226 75 17 22 23 23 22 13 22 56 56 52 49 35 20 98 184 110 191 168 125 97 93 150 131 207 223 187 58 53 52 51 48 52 64 75 70 35 14 11 11 13 16 18 23 34 47 55 54 23 49 37 50 125 124 120 118 119 114 82 59 73 63 57 59 68 63
78 74 72 68 77 79 82 94 81 87 76 78 82 91 89 83 77 83 99 82 94 94 100 144 164 153 180 198 230 229 107 11 17 17 15 13 18 23 25 26 27 12 5 6 6 11 16 21 26 23 27 32 66 66 87 152 174 167 196 208 229 240 139 18 23 23 24 35 29 15 38 56 58 49 26 30 118 181 113 195 163 119 96 97 161 138 216 227 180 55 54 53 50 47 53 65 75 69 41 13 11 8 23 17 17 21 34 32 59 50 27 49 28 67 132 135 127 121 119 113 72 64 75 66 61 54 55 61
91 83 78 68 67 63 49 64 76 71 70 70 73 79 89 78 81 81 95 84 80 82 89 130 154 162 146 178 212 235 182 26 16 17 15 15 20 26 32 34 25 16 5 5 6 12 20 24 31 29 34 55 83 71 80 131 164 173 177 219 215 236 205 43 20 22 41 64 45 20 24 34 43 37 20 37 128 181 118 202 162 115 96 103 170 142 223 231 176 54 55 54 51 46 54 65 76 69 36 12 13 13 13 18 25 26 33 43 65 49 35 68 40 87 139 140 133 128 131 120 75 68 69 70 68 60 63 67
112 66 72 75 84 80 45 66 31 38 50 56 57 64 76 77 76 80 85 82 81 81 79 108 145 163 142 186 196 232 218 75 12 16 14 21 29 35 38 29 20 19 9 5 6 13 22 25 31 30 40 67 80 81 85 115 153 163 168 213 218 218 226 102 15 29 68 76 52 33 20 45 29 26 21 39 141 183 120 203 162 119 96 106 174 145 228 234 172 54 56 54 52 46 54 65 76 66 36 11 15 21 23 23 38 51 45 55 67 42 40 73 37 101 141 142 136 134 138 119 74 69 75 69 70 71 71 69
105 79 64 64 74 71 95 87 9 29 66 55 40 48 59 63 71 69 75 70 78 75 73 82 132 153 154 174 198 219 227 152 15 13 25 37 40 39 35 21 20 20 13 7 7 11 23 24 28 29 39 73 70 83 91 110 146 165 195 211 216 220 222 166 29 62 75 75 56 44 17 42 38 32 18 46 148 186 121 200 158 115 98 110 177 147 232 238 170 53 56 55 52 46 54 64 77 69 39 10 14 13 16 21 35 39 45 58 70 50 39 75 34 103 144 148 140 134 135 118 78 71 79 70 62 79 75 69
119 68 56 61 65 92 103 6 31 91 102 84 47 18 34 53 66 58 75 75 78 83 84 68 111 151 158 155 200 203 233 208 70 44 48 45 43 37 24 21 21 20 17 12 12 14 28 30 30 35 39 75 72 86 88 105 116 121 131 140 154 165 176 177 72 78 74 75 66 48 25 29 35 31 18 57 143 189 121 201 154 110 98 109 178 149 234 242 171 54 56 55 54 47 54 64 77 71 39 11 13 11 25 17 28 30 43 50 71 49 34 77 36 102 147 150 144 138 138 121 76 68 80 82 67 81 78 76
79 58 57 58 58 106 64 43 117 102 88 72 54 26 31 48 70 65 74 80 76 83 88 71 89 145 163 156 188 198 226 224 209 205 193 179 168 95 17 22 21 21 19 17 20 19 29 33 32 38 38 68 74 84 101 100 108 81 77 71 83 84 82 89 73 80 76 86 79 54 40 19 35 30 26 63 125 188 121 209 157 110 97 107 179 152 237 246 180 56 57 56 55 49 53 62 77 68 30 15 15 13 15 17 33 25 37 51 74 54 37 82 41 99 149 149 147 142 141 128 82 67 80 76 60 80 86 77
101 82 74 62 55 103 105 150 218 169 78 53 48 29 42 50 67 73 81 83 81 81 87 84 82 131 156 165 170 202 212 235 236 238 240 241 230 192 28 21 21 21 20 22 42 38 36 39 36 40 36 51 68 63 74 82 87 72 65 68 74 78 76 90 73 73 77 84 83 58 52 19 31 24 41 72 109 187 119 207 169 116 97 104 175 155 239 251 190 58 59 57 56 50 50 61 74 71 42 18 13 22 23 26 44 54 54 65 80 60 36 81 43 84 149 150 146 145 140 135 84 80 79 77 66 78 82 75
127 82 119 107 88 110 112 192 217 211 162 46 66 76 83 96 83 82 92 87 83 82 84 87 79 104 149 168 160 201 203 233 235 236 236 237 236 225 78 17 22 21 20 33 58 64 55 67 61 69 68 61 73 59 69 64 66 67 67 74 68 73 68 82 71 77 79 75 79 63 57 30 20 16 34 69 98 189 118 206 175 120 98 102 168 154 238 258 202 61 59 58 57 52 49 59 70 71 63 32 10 14 14 24 38 53 50 65 82 66 34 84 55 65 147 148 145 143 142 139 88 80 80 89 76 80 90 79
142 80 116 123 103 80 153 224 154 205 217 120 115 118 170 117 81 86 89 93 85 81 84 87 84 88 138 159 163 184 208 217 229 230 232 235 238 231 150 17 23 21 27 64 57 64 60 60 66 62 75 59 73 64 67 67 71 76 74 70 68 73 72 83 83 72 79 70 73 60 57 42 12 7 21 61 91 199 120 204 179 131 97 100 159 154 228 259 216 67 58 58 58 54 47 58 64 71 66 52 11 12 13 23 30 33 41 45 71 68 35 76 64 47 141 146 145 141 140 142 102 84 79 86 79 79 95 81
140 94 118 108 66 105 226 177 117 190 226 166 104 153 98 75 76 83 82 91 89 82 81 87 88 84 116 146 161 171 223 220 217 218 221 221 222 224 189 39 21 25 53 69 72 61 64 52 71 61 62 60 67 67 72 76 71 79 81 64 68 72 77 75 87 75 80 73 72 60 57 55 20 7 13 43 93 198 121 200 184 138 99 100 146 157 210 253 227 76 58 58 58 56 49 53 60 71 61 49 15 14 13 16 28 48 33 39 63 68 32 66 70 36 129 144 146 140 137 141 108 79 80 86 86 79 91 80
123 125 78 73 74 193 215 122 148 207 201 106 89 164 114 72 74 87 83 88 91 87 84 86 85 81 93 139 153 193 219 222 222 224 230 237 238 230 219 98 15 42 62 61 74 64 62 62 65 67 56 65 64 76 67 79 68 71 81 72 72 70 76 74 82 81 75 77 71 73 56 55 33 10 13 36 78 192 131 189 192 143 103 101 129 161 192 249 235 89 57 58 57 56 51 50 59 68 67 48 16 15 22 25 26 44 63 63 69 73 43 48 75 31 102 138 140 139 138 138 114 80 81 84 87 75 82 83
130 122 74 59 147 232 148 127 193 217 137 84 81 92 93 78 76 83 88 86 92 87 87 83 88 85 85 115 135 138 155 177 188 193 199 211 217 218 222 166 37 64 63 64 64 72 63 70 57 68 57 65 67 74 70 71 72 67 71 72 74 69 73 77 83 87 70 71 71 82 60 57 48 13 8 24 57 180 148 168 203 151 110 102 114 167 172 244 241 110 55 58 56 55 51 47 57 62 67 65 20 11 16 17 27 30 45 43 56 72 59 34 79 43 64 133 135 140 138 136 129 89 77 79 79 72 75 81
151 94 62 102 226 187 119 170 220 170 102 77 97 82 90 78 73 79 91 85 90 87 88 85 83 83 89 86 75 55 44 91 102 107 80 76 76 92 115 127 63 67 60 65 59 67 66 66 63 57 58 60 66 63 70 62 69 59 63 72 73 68 68 80 77 91 79 81 71 80 76 62 58 24 11 18 50 155 170 144 209 161 114 103 105 169 153 236 243 138 55 59 56 55 53 45 52 58 67 65 47 18 14 13 20 22 31 28 39 61 82 34 70 69 35 126 138 141 141 139 135 99 74 65 74 80 77 78
126 70 78 193 217 126 145 210 195 128 92 78 109 82 89 87 83 77 87 87 82 85 88 88 83 87 94 87 78 71 37 82 83 110 93 39 16 0 7 23 44 46 49 45 48 46 50 47 57 47 51 48 58 51 56 51 54 50 48 55 50 53 65 77 76 83 80 76 78 69 75 66 68 40 17 19 32 129 189 122 208 170 117 101 102 164 148 222 243 172 57 59 56 55 55 48 46 56 63 65 60 31 14 19 18 23 34 35 35 61 85 50 50 85 33 100 138 141 145 142 141 112 72 73 69 80 76 79
73 66 154 232 153 123 191 214 149 112 85 79 86 85 83 90 92 86 79 91 86 86 83 89 89 90 95 93 84 77 47 62 90 96 113 36 31 13 12 26 53 58 53 58 60 56 61 65 69 69 67 61 67 68 70 70 67 71 64 67 64 53 54 67 78 72 77 72 82 68 67 66 78 66 18 18 18 100 203 108 195 183 124 101 104 147 155 195 241 206 66 59 56 55 55 51 43 54 59 65 63 26 14 18 20 21 24 52 57 63 80 71 32 79 44 63 136 141 146 146 146 132 82 71 69 79 78 83
57 110 229 188 117 166 221 165 160 126 85 87 82 88 82 87 92 91 81 87 85 90 84 89 89 85 88 98 96 87 69 37 94 85 65 52 39 35 30 33 42 50 47 48 50 54 55 60 57 61 55 55 57 61 60 65 59 80 74 62 59 53 68 53 74 69 80 67 80 77 77 78 74 99 36 15 14 66 194 121 168 195 134 102 104 121 167 160 237 228 91 56 57 57 55 53 46 49 56 64 65 36 11 12 11 18 17 28 31 41 67 84 32 56 56 36 132 143 145 146 146 141 98 66 67 79 81 76
74 200 221 128 139 210 193 136 111 104 83 86 82 86 86 88 85 86 82 86 88 86 87 89 85 88 90 89 97 93 87 36 65 53 65 65 30 22 7 5 9 11 11 13 16 23 32 51 81 103 118 125 148 159 139 111 77 87 138 151 124 107 90 68 70 76 73 69 72 75 64 76 64 94 65 12 10 37 159 152 126 198 146 111 100 101 166 125 218 237 136 51 54 53 54 53 49 45 55 61 61 57 16 12 13 13 17 25 24 28 53 86 53 38 65 28 102 145 145 147 145 143 115 79 75 75 82 75
155 235 155 121 185 214 138 102 96 83 87 89 85 82 86 84 88 85 84 83 91 84 85 88 86 85 86 88 85 86 89 56 40 58 42 49 36 39 35 31 28 26 19 8 9 16 34 62 90 111 125 136 156 201 214 221 218 189 137 145 220 228 210 199 173 190 196 178 172 148 131 115 80 72 88 20 6 18 116 188 95 185 161 130 100 96 133 137 160 229 194 65 43 45 52 54 51 43 52 59 62 63 27 10 19 21 22 26 44 49 56 76 71 29 70 46 54 124 128 132 137 137 122 83 78 73 80 76
228 187 116 160 217 162 128 97 94 88 90 90 88 83 89 87 89 83 84 83 91 83 90 86 86 88 87 85 90 83 91 83 32 66 36 47 54 52 53 52 52 50 30 13 10 15 22 37 58 80 96 99 99 128 133 129 141 162 176 134 107 191 193 192 214 233 237 239 238 239 234 225 128 72 62 33 11 14 74 188 107 153 174 149 110 94 90 152 110 210 221 119 36 44 48 54 53 46 47 57 64 62 43 9 13 13 18 21 32 31 41 57 74 33 62 66 26 96 114 108 112 115 109 79 70 74 79 81
218 126 135 208 189 113 95 85 90 93 89 87 88 88 88 92 88 87 83 83 85 88 90 90 87 82 89 89 88 90 85 92 48 47 51 56 57 54 53 52 53 36 28 22 11 13 21 25 17 20 30 30 28 25 26 25 24 25 27 44 54 78 68 80 101 109 122 141 138 142 155 162 102 77 73 65 15 13 46 140 151 109 186 153 112 83 70 137 113 179 222 176 48 46 49 54 53 49 44 54 61 62 56 13 10 13 13 16 21 19 27 39 78 50 42 76 33 103 151 154 155 151 143 103 69 75 75 84
155 119 184 210 134 110 99 90 88 90 89 88 86 89 79 90 88 90 87 93 81 90 89 91 87 85 85 91 92 89 84 86 71 33 44 47 49 47 46 45 34 25 32 26 35 75 51 29 10 6 6 7 10 13 16 19 25 26 26 21 46 58 31 31 36 9 8 36 55 56 58 58 60 62 65 41 14 14 23 88 162 81 176 167 113 77 76 109 148 141 225 217 84 45 52 56 54 52 43 52 59 63 62 27 9 16 18 19 22 37 33 46 72 71 29 72 47 64 150 153 156 152 148 130 71 72 73 82
114 158 217 161 126 105 92 91 89 91 88 88 87 88 84 87 91 89 86 87 84 78 84 91 91 85 88 86 86 91 86 86 68 50 48 45 44 40 34 25 19 30 32 28 70 100 72 41 15 7 6 6 7 7 7 6 4 7 9 8 25 52 38 26 32 12 32 58 59 61 61 60 59 61 49 29 18 13 15 55 147 108 136 186 133 92 86 85 160 114 211 228 140 46 54 58 55 53 47 47 58 63 62 43 17 14 22 22 24 41 53 60 71 76 34 50 59 33 133 153 159 160 154 142 82 65 69 75
135 207 181 146 106 79 80 87 91 89 88 89 89 89 88 84 91 93 95 82 85 75 73 82 87 89 89 85 84 84 93 82 74 62 95 142 126 128 121 63 25 34 35 33 31 43 46 36 24 20 20 19 16 14 9 7 6 6 7 8 10 39 36 17 11 22 50 54 56 57 54 54 52 45 27 28 25 12 15 34 110 154 94 192 163 106 82 82 140 129 178 230 195 61 56 59 57 54 50 44 56 61 61 60 36 15 11 17 21 29 30 50 52 77 55 37 81 34 99 154 159 166 166 154 111 30 27 40
182 207 152 130 88 86 85 82 92 85 88 88 88 84 91 84 87 88 93 85 86 87 78 76 81 83 89 89 81 90 93 85 91 112 157 195 203 218 207 165 33 36 37 30 26 29 36 42 48 53 57 61 63 62 61 64 62 56 54 51 45 53 50 35 22 36 44 42 42 43 40 40 42 23 27 27 28 13 13 19 72 169 86 169 180 121 86 93 117 163 144 228 226 103 56 61 59 56 53 46 52 59 63 62 43 20 12 14 18 25 33 34 44 70 76 36 79 58 53 147 152 168 165 161 150 52 18 21
214 129 133 93 95 88 87 85 91 90 86 89 88 87 86 87 83 86 85 89 84 85 88 81 81 79 83 85 92 85 91 89 84 143 126 157 193 221 199 198 66 32 35 29 34 41 46 52 55 57 59 60 59 65 67 75 80 82 81 69 91 96 95 90 80 80 68 97 107 83 84 75 41 19 28 27 28 18 12 15 49 135 120 125 195 152 106 100 104 176 137 216 236 162 58 62 60 56 55 48 47 58 64 62 49 15 11 20 21 20 35 47 51 60 75 44 61 79 31 125 153 165 166 163 159 95 26 23
179 61 50 84 84 89 85 89 87 91 85 90 86 89 83 92 85 89 82 84 89 96 91 87 92 87 83 81 87 92 89 86 98 128 130 110 173 201 225 207 127 28 32 38 47 52 55 58 59 61 62 63 64 65 64 69 75 77 78 77 77 79 88 91 90 112 124 180 208 202 218 209 131 20 27 26 27 23 13 17 31 101 169 102 201 181 126 104 104 152 156 181 237 212 77 62 61 57 56 52 45 56 61 63 62 27 10 17 17 23 22 40 39 51 65 58 45 86 40 89 161 165 171 170 163 136 38 29
86 112 35 72 84 88 82 82 85 89 86 88 84 89 87 89 86 87 82 84 83 82 92 94 89 90 90 84 88 89 89 86 172 150 137 75 125 183 226 211 188 39 38 48 50 53 56 57 59 62 62 64 66 67 67 67 68 70 71 74 74 72 69 71 73 108 154 146 194 201 226 218 165 41 25 26 26 27 14 16 25 67 167 111 176 200 148 107 107 122 180 147 232 236 123 60 63 59 56 55 46 51 60 65 61 44 12 13 13 21 20 30 27 41 63 84 39 72 64 49 154 165 169 172 164 154 62 33
33 82 60 42 88 86 88 79 85 90 89 88 84 88 90 86 89 82 80 90 87 76 75 91 94 92 88 91 90 84 82 109 228 191 122 113 135 188 212 221 210 191 166 141 129 121 110 102 91 80 80 76 72 70 65 65 63 62 65 66 64 63 61 59 60 86 143 153 177 191 214 231 208 78 22 26 25 28 17 13 42 62 129 147 132 208 171 115 105 107 177 141 210 238 180 63 63 61 58 56 51 46 59 65 60 57 18 10 18 18 26 36 36 41 65 83 52 58 86 34 126 170 177 178 172 166 100 31
43 56 80 26 78 84 89 82 85 82 88 89 88 86 89 86 92 81 80 87 88 86 77 86 87 89 95 92 92 93 88 169 235 227 124 131 115 183 193 228 205 223 228 226 224 223 223 224 194 202 211 206 202 168 157 126 152 157 121 114 117 103 94 83 76 76 149 187 195 188 199 226 223 132 24 26 26 27 23 10 46 77 93 169 104 196 190 133 103 106 146 163 171 234 223 91 62 62 60 57 54 45 55 62 64 63 34 8 19 21 26 31 51 59 58 77 71 38 74 37 75 166 176 177 178 170 144 41
60 32 87 39 56 86 83 84 80 80 83 89 89 86 85 84 89 85 77 88 88 88 83 86 87 86 89 94 92 95 114 219 234 230 127 126 113 160 191 215 231 229 230 228 228 228 228 229 224 228 229 230 224 175 140 162 203 197 192 206 223 219 216 212 206 200 216 199 209 218 226 231 230 178 45 24 25 26 27 12 25 84 91 151 111 159 201 155 107 106 119 183 138 227 237 139 60 63 61 58 55 47 51 60 66 63 46 12 14 11 17 19 32 22 36 60 83 38 47 43 33 151 176 180 182 175 164 69
80 24 65 61 39 88 82 87 75 83 83 93 88 88 84 84 74 87 86 89 85 82 90 86 82 82 89 88 86 102 151 234 236 203 111 109 132 130 191 195 229 230 229 225 224 229 229 231 233 233 232 233 231 165 106 185 196 89 125 216 234 233 233 234 233 233 230 224 233 235 234 233 231 205 86 21 26 25 27 18 11 76 95 113 147 116 207 176 119 103 105 170 142 200 238 193 68 64 61 59 57 52 47 59 65 63 59 17 11 18 13 16 26 24 24 43 81 55 33 50 22 116 178 183 183 178 169 111
86 48 40 81 31 76 82 83 81 86 83 90 90 87 85 90 76 77 82 95 93 81 86 84 88 93 89 89 91 91 183 236 233 170 108 71 136 116 173 187 215 224 224 216 207 208 208 209 213 208 205 215 218 204 219 227 202 174 205 219 221 225 227 228 232 233 234 236 235 235 235 235 235 224 122 25 26 25 26 24 9 43 71 78 163 95 185 189 133 101 106 140 169 161 237 228 98 62 63 60 58 54 46 56 62 66 64 33 10 18 21 20 23 41 40 48 71 69 31 54 35 67 174 179 181 179 169 151
86 75 25 77 50 44 79 78 85 84 81 82 94 85 85 85 81 67 81 86 87 83 85 87 88 87 89 91 89 92 215 236 218 149 142 103 112 123 144 187 180 205 203 185 143 129 135 140 141 111 125 154 160 172 177 186 207 214 215 206 194 189 200 215 218 221 223 226 226 226 226 225 225 218 172 52 24 26 26 27 13 15 20 40 132 112 139 200 158 107 105 116 185 139 226 239 150 62 64 61 59 56 49 50 61 67 64 51 14 12 14 18 21 39 38 42 58 71 29 43 48 30 149 175 177 178 173 161
69 86 33 64 72 27 77 81 87 82 77 77 91 86 86 86 86 66 84 90 89 83 81 85 89 85 84 85 82 112 230 236 208 171 200 189 94 121 121 187 181 210 198 196 165 159 156 168 158 159 175 177 176 141 150 168 173 199 197 191 156 95 107 145 155 162 169 179 184 190 194 204 213 212 196 100 21 27 25 27 19 12 15 20 85 147 101 202 181 123 105 108 168 151 196 240 201 73 66 63 60 57 52 46 60 65 64 60 20 9 15 14 16 25 22 30 36 76 54 33 52 24 109 178 179 174 172 159
57 91 59 40 85 36 67 87 84 85 81 77 86 91 89 90 86 73 85 90 89 83 84 85 82 83 90 83 80 143 214 225 225 227 225 229 141 113 118 167 194 210 196 194 89 82 90 91 93 96 104 111 103 115 103 164 176 211 200 199 173 134 159 165 166 166 169 170 162 146 155 164 189 209 207 154 31 26 26 26 25 11 16 15 47 147 101 181 199 148 106 109 137 179 157 237 233 109 64 65 61 58 55 46 55 64 66 63 32 10 16 19 20 22 38 32 38 68 73 32 53 37 63 173 179 175 172 164
35 82 88 33 79 59 39 91 83 85 79 87 82 84 85 90 88 79 82 94 91 81 91 91 86 83 96 86 97 213 224 223 224 221 221 225 187 110 132 141 200 195 212 196 89 30 40 42 43 34 35 38 41 106 112 146 186 214 210 186 119 92 104 116 126 137 144 153 154 118 100 154 183 218 220 187 69 22 26 25 28 14 12 13 23 106 132 137 209 170 113 107 115 187 141 222 241 162 64 66 63 59 56 50 50 62 68 61 48 12 11 18 18 21 39 46 42 57 78 41 52 66 31 147 179 177 176 169
57 70 95 51 50 71 25 81 85 90 80 82 80 79 83 90 87 75 80 92 90 82 87 92 92 89 88 90 112 219 234 232 232 232 232 232 228 126 129 129 187 192 216 200 157 35 41 45 47 38 23 24 39 97 138 131 190 200 227 191 92 28 34 34 34 40 45 60 61 114 94 133 180 219 230 203 124 22 27 26 28 20 10 14 14 59 147 106 204 188 133 105 110 163 158 187 239 212 80 66 64 60 57 53 47 60 67 64 60 25 9 13 13 16 30 25 32 39 76 59 44 89 34 108 178 180 178 176
44 49 88 79 34 85 42 50 91 88 86 76 84 79 84 89 91 81 82 87 84 88 90 87 84 86 91 88 108 219 231 231 231 231 231 231 236 166 113 134 158 201 194 206 185 61 39 44 45 44 25 31 54 81 140 144 188 194 228 213 147 29 29 23 21 27 33 35 36 108 126 112 172 206 231 216 170 40 26 26 27 26 10 12 11 36 137 111 171 203 157 108 109 130 183 151 235 236 119 64 66 62 58 56 47 55 64 69 61 41 10 13 14 16 26 40 25 37 69 76 35 82 58 61 167 178 180 179
38 27 66 95 39 67 72 26 86 84 89 77 85 82 84 85 90 81 77 93 93 80 84 91 92 89 88 82 109 224 229 229 230 230 230 230 233 210 105 130 136 198 179 203 180 100 37 45 46 43 32 48 55 56 144 186 212 202 218 229 190 58 24 25 34 42 42 40 40 81 150 102 157 193 229 228 200 89 22 27 26 28 14 10 12 26 99 138 124 206 181 123 107 113 182 143 216 241 173 66 66 63 59 58 51 49 62 69 61 57 19 10 20 19 22 42 52 51 58 70 38 61 83 33 144 173 176 180
54 59 65 94 63 42 95 31 57 80 87 87 81 81 82 81 78 74 70 85 87 85 85 88 89 91 87 84 103 206 230 229 232 232 233 232 230 230 109 111 124 178 197 204 199 159 46 45 46 41 62 102 71 106 188 193 201 199 216 236 211 112 26 39 43 44 39 40 41 55 139 112 115 161 214 231 211 146 24 28 27 28 20 8 13 22 66 147 102 195 195 146 106 110 154 164 179 240 217 85 66 65 61 58 54 46 59 66 64 60 33 11 15 13 18 31 37 42 49 69 57 34 90 38 106 172 174 181
54 66 63 79 75 30 87 58 34 86 83 90 80 84 83 83 79 78 69 86 81 82 84 82 81 85 87 85 89 133 233 229 194 198 200 204 222 232 174 104 126 151 207 192 216 186 84 41 46 41 45 106 112 182 214 202 213 229 229 238 221 191 179 158 140 92 34 38 42 41 96 133 75 134 194 226 219 183 47 26 26 28 27 10 13 25 56 122 117 157 207 169 114 109 124 187 146 232 237 128 64 66 62 59 56 47 54 63 69 59 46 13 13 13 14 23 30 23 31 62 68 25 76 66 61 166 177 183
43 57 42 69 85 47 57 81 27 73 84 85 81 86 84 81 79 81 69 90 88 82 84 83 79 77 90 88 86 109 228 231 151 128 116 97 163 215 162 97 121 138 190 190 213 198 136 39 45 42 35 84 146 153 187 197 231 234 130 152 236 174 151 222 198 159 48 42 46 48 71 142 103 153 190 227 229 204 99 23 28 27 29 16 11 21 44 92 143 115 209 186 132 106 111 179 146 208 241 183 68 67 64 60 57 52 49 62 69 60 55 20 10 19 20 21 35 43 41 53 70 36 47 83 35 139 174 177
60 64 59 62 86 72 27 79 40 49 87 79 80 80 85 84 88 82 76 82 93 89 85 88 86 81 96 101 101 102 215 236 166 120 123 86 143 210 99 67 102 130 112 180 188 207 170 55 42 42 36 58 130 154 168 198 217 240 182 181 212 171 133 193 218 187 86 37 47 50 54 133 120 128 181 216 233 212 156 28 28 28 28 23 8 16 29 64 145 103 185 200 153 106 109 148 171 168 239 225 94 67 66 61 58 56 47 58 65 66 61 36 10 14 14 19 22 42 34 44 67 54 27 66 39 91 171 172
58 58 69 70 79 82 29 65 71 24 74 77 89 82 85 80 87 83 81 74 95 96 90 93 94 90 90 88 103 109 191 239 186 114 126 87 121 205 137 63 93 113 131 202 186 214 189 101 38 43 38 38 107 141 153 193 199 225 207 227 193 181 230 199 208 205 129 33 36 38 40 113 143 106 167 199 231 219 194 57 25 28 28 29 11 11 24 52 114 126 143 210 174 116 109 121 188 142 228 240 142 65 67 63 59 57 49 52 63 70 59 51 16 11 13 15 17 28 21 31 55 65 27 63 64 48 160 172
40 50 60 44 71 84 55 40 91 30 55 76 84 86 81 82 82 86 83 67 82 83 90 92 91 89 86 92 95 119 150 239 208 116 124 96 99 185 179 62 87 103 135 189 203 206 209 152 43 43 38 26 75 107 138 185 209 205 208 184 167 172 159 173 181 190 160 48 33 37 55 82 145 103 143 185 222 227 205 114 22 29 28 30 18 8 17 40 83 151 106 204 192 135 105 110 173 151 199 241 195 72 67 65 61 58 53 48 61 68 62 56 22 10 20 20 23 33 37 31 55 68 37 45 83 34 127 173
51 55 64 54 48 73 74 28 80 60 29 74 74 91 82 85 79 88 82 73 80 88 85 87 87 88 79 89 86 107 118 230 226 132 116 108 84 156 209 77 80 84 113 167 214 193 223 188 76 37 32 28 53 87 115 172 185 188 189 185 174 164 159 193 188 181 167 78 29 40 113 98 121 120 114 172 208 229 209 169 32 30 29 29 26 8 18 47 63 142 107 175 206 159 108 110 140 179 160 237 230 105 66 65 62 59 56 47 57 65 67 56 36 9 17 19 21 27 49 42 47 65 52 29 75 44 83 171
60 66 68 67 71 77 89 40 54 85 25 73 79 82 76 85 79 85 81 89 74 88 89 82 84 85 79 84 87 103 109 202 237 164 105 117 83 124 209 118 67 73 95 153 207 199 217 208 133 27 30 42 50 75 108 121 140 148 153 155 156 147 157 163 164 166 141 90 30 31 45 46 83 136 97 152 189 224 216 186 59 29 29 28 30 12 12 35 55 108 134 133 212 180 123 107 116 186 140 223 241 156 65 66 63 60 58 51 52 64 70 54 48 14 12 12 16 17 28 25 33 56 70 29 65 66 45 160
56 36 60 58 50 58 89 73 30 85 45 49 91 76 83 87 90 79 81 86 76 85 87 82 84 89 86 82 83 83 85 157 240 200 105 118 95 94 181 178 59 95 104 134 186 214 200 223 183 62 52 59 54 46 34 42 65 50 43 33 55 85 98 107 110 109 113 78 28 28 50 48 53 128 98 127 176 215 222 182 116 24 30 29 31 19 9 21 45 85 145 104 201 195 146 106 108 164 156 190 241 206 77 68 65 61 58 54 48 62 68 61 51 24 10 16 14 17 21 25 27 47 78 53 39 71 34 127
94 57 41 60 45 38 68 92 31 68 75 28 88 81 84 79 91 85 91 84 89 76 80 81 80 80 83 74 87 90 85 107 233 226 130 108 107 82 142 210 87 73 110 109 166 217 194 223 200 198 190 176 166 154 84 36 65 53 36 23 9 29 62 81 93 98 70 24 23 28 44 45 39 94 129 144 174 202 224 203 169 35 29 28 30 28 9 15 39 85 131 112 167 206 168 115 107 132 182 153 236 234 112 64 66 62 59 56 47 57 66 69 51 40 15 15 22 23 28 50 52 54 75 68 28 64 45 69
97 86 72 75 58 53 64 86 51 39 87 33 46 69 79 78 79 84 90 85 84 79 83 84 84 84 82 74 84 95 89 75 204 237 175 98 115 87 104 191 158 57 100 96 145 201 207 207 225 216 224 222 221 194 141 38 58 63 39 32 15 11 19 53 79 74 23 15 22 48 49 47 41 66 160 194 193 199 226 212 188 73 25 29 29 33 15 12 33 113 121 141 123 209 185 132 105 113 184 141 217 241 167 66 67 64 60 58 51 52 64 70 57 51 29 13 13 20 22 39 36 43 63 80 37 60 72 32
61 65 47 71 65 62 63 88 86 30 71 60 32 74 78 87 75 83 83 90 82 81 87 89 88 85 87 84 85 84 84 64 138 239 214 116 113 105 84 147 207 81 77 104 115 180 220 196 230 234 233 232 232 226 165 54 47 67 45 32 17 24 13 13 36 21 10 12 14 80 126 149 162 183 192 198 223 227 231 227 190 125 24 30 29 33 26 11 18 86 136 144 103 194 196 155 107 108 158 162 181 240 215 83 66 65 61 59 56 47 62 67 65 54 34 17 14 14 15 29 25 26 37 77 55 45 76 39
53 70 53 43 60 61 35 63 93 54 40 73 25 61 75 82 75 83 82 88 88 89 76 91 93 86 91 95 90 91 88 86 83 218 234 162 103 119 92 107 189 159 56 100 90 158 211 203 210 229 230 231 231 230 192 103 38 66 54 20 28 41 32 13 10 11 11 11 8 50 146 115 152 198 225 230 234 234 234 235 205 170 37 29 29 32 43 13 13 26 145 127 118 155 208 174 117 107 126 186 148 234 237 125 64 66 63 60 58 48 57 66 70 55 43 32 14 19 20 25 45 38 44 66 69 36 69 58
83 79 74 68 78 70 62 55 86 81 29 73 38 36 73 82 85 82 83 82 86 90 77 78 87 87 87 90 86 86 88 88 70 151 239 208 115 118 113 88 143 202 140 104 79 118 181 207 190 191 192 192 194 195 194 154 45 60 52 12 20 65 54 21 10 11 11 10 9 28 135 110 121 173 228 233 234 234 234 235 221 193 77 27 31 32 50 37 19 17 90 122 141 113 208 188 138 106 110 180 144 210 241 179 68 68 65 61 58 53 50 65 70 61 51 27 11 15 17 22 37 44 41 58 80 41 57 73
63 75 72 64 65 76 74 67 80 95 43 59 74 23 66 76 93 86 84 81 84 86 88 80 86 87 89 90 88 83 86 87 82 91 221 232 162 107 127 103 104 175 229 170 75 90 168 190 194 193 185 185 192 194 198 175 70 44 36 22 19 52 53 19 18 17 17 17 16 15 99 136 104 153 211 230 231 233 236 234 231 199 129 27 33 32 40 74 44 22 33 89 141 103 185 201 159 110 107 149 170 171 239 221 90 67 66 62 59 57 47 61 67 69 56 36 15 12 13 18 27 30 41 47 78 61 41 74
101 72 81 64 44 63 89 40 57 91 71 33 87 33 58 80 89 91 81 82 84 86 92 87 85 90 90 93 88 84 83 86 87 74 152 240 213 125 124 125 94 132 213 218 146 146 116 155 145 170 163 156 155 154 154 137 73 56 106 91 85 80 76 86 105 90 78 68 57 49 72 143 92 136 184 206 212 204 192 218 224 202 164 40 33 33 27 80 74 22 27 37 110 126 140 212 176 122 106 120 187 144 230 239 138 65 67 63 60 58 49 55 66 71 58 52 31 12 16 17 26 42 35 45 75 74 33 64
134 104 151 117 90 93 101 82 56 81 85 32 75 61 33 87 85 93 80 83 82 85 86 89 76 90 90 88 89 86 87 86 85 80 77 214 235 178 116 133 111 128 166 182 192 196 70 115 69 125 125 57 58 64 133 203 167 144 125 115 131 138 103 113 147 191 190 176 179 184 166 117 121 131 182 190 193 156 161 189 190 185 166 66 29 27 28 55 82 32 26 33 70 148 106 206 193 141 106 108 175 150 203 241 193 72 67 64 61 58 53 49 64 70 62 56 26 9 18 21 26 41 61 58 68 81 43 52
219 163 108 111 106 64 70 62 65 72 90 51 50 86 25 74 84 89 84 86 81 84 83 88 76 78 86 88 87 86 87 77 80 84 65 129 236 222 146 129 173 177 174 174 173 177 120 55 101 49 127 48 55 69 60 154 192 161 115 112 117 178 146 96 94 122 121 109 117 124 131 89 118 153 168 175 178 182 193 195 193 190 151 77 33 121 123 106 90 57 24 44 45 136 109 174 206 163 113 107 141 177 163 239 228 100 67 67 62 58 56 47 60 67 68 58 36 13 12 13 22 31 42 44 57 79 64 36
185 221 185 108 103 52 62 59 42 52 83 79 35 86 45 45 89 83 89 88 88 85 85 85 88 76 85 87 85 87 87 82 82 84 83 82 177 237 199 172 205 203 200 203 201 202 185 52 121 42 127 79 87 93 79 51 87 112 101 90 90 110 113 87 84 86 89 90 91 94 97 99 104 109 121 130 133 135 142 146 149 148 121 74 88 192 194 199 126 81 26 100 44 109 135 129 212 179 128 106 115 188 142 226 241 151 66 68 64 60 58 51 53 66 70 60 49 24 12 15 15 24 39 30 37 65 78 32
128 172 216 204 117 86 67 88 58 38 65 89 43 61 71 26 84 76 84 86 92 84 83 90 90 77 79 91 90 85 94 90 90 93 90 80 136 222 216 216 219 216 217 216 215 214 216 108 84 93 81 125 63 81 124 66 49 59 131 158 123 70 73 82 88 92 94 93 96 98 99 101 101 102 103 103 105 106 107 107 110 111 112 112 118 120 120 127 114 94 40 37 52 108 146 104 199 193 147 108 107 168 154 193 242 203 76 67 65 61 59 55 48 63 69 63 60 24 10 19 21 25 41 54 49 62 69 48
102 119 158 207 218 141 100 120 80 70 73 88 64 40 88 35 63 81 81 87 85 85 85 88 86 81 71 87 95 94 86 92 91 90 94 89 116 213 233 229 228 225 225 224 221 222 224 177 55 131 43 161 63 49 73 50 79 59 52 88 96 48 52 61 63 66 70 73 77 81 85 91 95 100 104 107 110 111 111 112 113 112 113 114 113 111 111 109 107 97 73 26 56 107 126 115 163 206 164 119 106 135 182 155 237 234 108 65 66 63 59 57 48 58 66 68 63 38 12 13 14 23 30 43 46 60 69 63
147 99 112 144 194 223 172 104 101 70 51 86 83 32 72 59 36 86 81 91 83 85 84 89 85 92 77 78 88 89 87 89 90 84 81 94 89 143 230 233 232 233 231 232 233 233 233 231 83 120 65 129 108 50 31 32 95 113 50 43 38 42 41 42 43 45 46 48 51 54 58 63 67 71 76 79 82 85 86 90 93 96 99 102 103 105 108 112 118 106 96 31 35 116 107 138 122 211 179 135 107 113 186 141 221 242 162 65 67 63 60 58 51 51 64 69 60 54 23 11 16 17 23 33 31 42 70 80
175 169 102 105 133 182 220 194 107 87 60 59 79 42 46 79 27 71 81 90 89 86 83 91 83 87 81 82 79 89 90 86 92 92 92 93 93 99 172 236 231 232 230 228 231 229 228 236 156 70 131 69 161 57 42 23 73 86 45 45 44 43 43 42 43 43 44 45 45 46 46 47 47 49 48 53 63 58 51 54 57 60 62 63 72 75 78 85 101 102 99 50 22 95 101 144 103 193 197 151 111 106 159 160 185 241 211 80 68 65 61 58 56 48 62 67 66 62 29 10 20 22 24 37 46 51 67 79
51 146 187 115 99 123 168 211 211 127 87 88 89 69 30 83 43 53 84 86 90 85 87 89 87 82 86 81 80 83 90 85 84 95 99 98 97 89 95 191 238 233 231 231 231 231 231 233 215 62 140 49 160 83 54 29 55 65 63 62 61 59 57 55 52 51 50 50 49 48 46 46 45 41 41 46 55 52 44 41 40 36 25 29 42 38 42 52 66 51 87 77 24 62 87 124 121 152 209 168 123 106 126 184 148 234 236 120 64 66 62 59 57 48 57 65 70 62 47 10 16 18 27 32 59 59 62 75
63 60 106 191 132 97 116 153 201 220 155 108 110 89 40 61 72 33 81 81 91 80 88 87 92 86 90 84 86 73 84 91 89 89 90 90 84 92 91 108 182 223 233 230 230 233 234 235 242 123 94 98 98 98 48 63 66 62 63 63 64 65 66 66 66 66 66 66 65 64 61 58 53 44 45 48 61 59 47 44 42 35 25 48 53 43 24 18 18 42 72 87 36 28 79 104 143 112 208 183 141 106 108 181 142 211 242 174 67 68 64 60 57 52 51 64 70 61 59 17 10 12 23 22 42 32 57 61
69 115 72 78 177 156 98 109 140 189 222 186 113 87 66 34 82 31 66 81 82 80 87 86 88 91 90 89 89 79 78 93 89 85 84 87 86 89 92 94 90 118 222 230 208 170 184 183 190 159 54 131 39 71 64 109 104 101 86 83 75 71 67 64 62 62 61 66 66 64 65 66 64 65 62 59 72 72 55 49 45 27 33 48 50 51 43 19 13 21 41 51 45 19 80 124 138 104 184 200 159 112 104 150 165 171 240 219 87 67 65 61 58 55 48 61 67 65 63 28 8 17 18 23 42 43 38 53
86 100 132 88 60 154 176 108 104 130 174 215 206 124 80 37 74 54 41 83 82 88 83 90 78 82 83 89 83 83 78 78 85 91 93 90 93 95 94 96 100 86 129 225 228 180 126 131 106 97 59 76 52 41 136 172 209 210 209 215 204 194 184 159 159 147 141 88 86 97 79 67 78 71 64 57 68 75 62 51 52 30 38 41 46 48 46 41 29 11 14 30 36 18 49 118 120 127 141 208 175 127 105 120 187 143 230 238 132 64 67 62 60 57 50 56 65 69 61 46 10 14 24 27 34 59 60 60
89 79 131 137 108 58 115 189 124 100 119 158 205 219 153 76 54 82 29 75 81 90 82 91 81 82 83 85 86 87 85 86 84 95 94 88 93 95 94 89 89 88 78 127 227 229 183 128 138 109 80 45 76 95 162 205 207 212 236 236 237 237 235 234 238 232 208 153 180 200 165 133 199 182 193 185 178 167 153 134 65 21 41 36 34 37 39 40 40 30 15 15 32 19 27 96 106 142 108 202 189 146 106 107 176 148 203 242 189 69 67 62 60 57 53 50 65 68 61 62 21 9 13 19 23 43 37 58
85 58 95 121 133 111 52 89 185 145 99 113 144 192 221 186 81 106 52 53 84 87 86 87 88 80 86 82 91 88 86 89 82 87 96 93 90 93 90 81 82 90 83 79 132 228 230 185 128 135 105 46 90 157 196 210 204 233 235 236 237 237 237 237 238 239 227 223 237 239 235 238 236 224 232 232 230 231 232 233 195 92 35 41 38 33 36 39 39 38 32 15 17 23 15 64 104 126 107 174 201 163 115 105 142 175 164 239 227 96 65 64 61 57 55 48 61 66 65 63 35 9 17 16 17 35 34 41
75 70 84 109 106 114 121 91 73 173 169 103 107 132 177 216 194 120 76 49 82 81 89 77 89 83 85 83 88 88 86 83 88 78 94 93 92 90 93 92 82 89 90 95 91 131 227 231 190 131 137 96 117 185 213 199 230 237 237 238 240 238 237 235 236 238 238 240 142 167 245 193 158 233 238 238 237 237 236 235 233 214 131 50 49 49 42 42 45 46 44 38 24 14 9 34 93 100 129 131 208 179 132 105 115 188 142 225 240 144 63 66 62 58 56 50 54 65 67 61 51 10 14 25 24 29 54 50
88 59 60 115 114 104 112 125 67 62 153 188 113 101 122 161 207 212 127 81 121 86 84 79 87 90 84 83 95 94 87 84 91 81 76 89 91 88 84 91 93 93 91 90 95 69 136 224 232 200 138 92 139 211 194 223 236 237 238 241 243 234 213 219 221 193 170 216 189 156 215 182 112 204 229 233 236 238 238 238 238 238 226 163 63 43 48 44 43 47 51 51 48 28 6 27 75 73 137 105 197 192 152 106 105 169 154 195 241 197 72 67 63 60 56 52 49 64 67 62 63 19 10 22 18 24 42 52
91 103 61 68 108 122 106 116 92 83 76 117 196 132 97 112 142 191 217 159 104 111 83 80 81 94 82 79 86 95 84 85 83 89 77 79 90 87 84 80 92 91 83 94 93 86 76 132 221 236 170 132 165 180 198 233 235 238 241 238 230 223 215 220 216 196 214 219 220 203 185 177 223 231 214 164 205 220 223 225 225 226 233 235 189 82 33 39 34 34 40 43 42 33 11 12 69 69 113 113 163 202 171 115 104 136 180 158 237 231 103 65 64 60 56 54 47 59 65 67 64 34 9 13 13 17 31 32
111 94 106 84 67 100 127 103 106 82 127 83 89 188 157 98 106 130 176 214 183 105 106 97 72 89 85 79 75 93 85 83 82 89 82 80 77 83 86 83 85 88 86 85 89 90 95 85 120 211 205 156 129 112 182 224 236 239 240 233 213 165 173 182 186 190 193 200 207 210 194 189 206 220 213 205 221 221 224 211 192 209 214 222 238 213 117 38 34 35 32 31 26 35 22 6 28 54 86 134 122 206 183 137 104 111 186 142 221 241 155 63 65 61 58 55 50 53 64 68 64 51 10 14 17 18 28 47
151 136 107 101 95 80 96 120 89 69 105 133 99 75 165 180 107 103 123 164 210 205 122 98 113 92 86 86 83 84 91 84 84 85 88 86 85 79 84 88 88 86 89 90 93 89 87 98 101 107 192 161 144 97 172 209 237 239 234 236 95 31 39 40 42 54 61 68 83 96 109 127 141 154 166 182 189 200 208 200 173 152 184 214 216 236 230 156 55 31 34 25 28 33 30 8 7 17 61 134 103 192 194 157 107 105 160 161 185 239 208 76 65 63 60 56 53 49 63 66 66 63 15 13 23 23 27 44
149 150 146 113 88 96 104 86 61 74 84 114 115 103 68 135 196 124 99 116 149 199 217 148 103 112 96 82 87 79 95 86 85 84 88 81 92 83 77 82 86 82 84 92 89 84 93 99 95 95 108 138 161 135 171 199 234 232 233 152 32 35 33 29 32 20 14 12 8 3 14 16 10 9 16 54 85 79 63 76 167 187 155 167 208 213 229 237 190 82 21 26 32 32 33 14 8 10 29 105 120 152 206 171 118 105 127 186 149 234 235 114 63 64 60 57 55 47 58 64 69 66 31 10 17 14 23 27
150 148 148 144 126 102 91 104 88 81 74 129 114 105 106 68 106 196 148 97 111 137 187 220 172 102 108 85 79 81 87 85 86 85 86 83 89 89 85 79 88 88 86 84 85 89 86 90 97 103 98 121 165 147 147 192 222 237 217 71 33 36 34 29 77 91 24 15 15 15 22 25 11 7 6 6 30 65 52 13 131 187 183 172 156 197 210 224 241 209 85 25 32 30 32 22 7 12 13 72 141 113 206 186 136 105 109 183 144 212 241 171 64 66 62 58 55 49 51 63 67 64 53 10 15 17 17 25
151 150 149 146 147 145 125 94 91 93 73 92 130 124 102 117 86 77 181 172 102 107 125 170 215 200 113 101 92 82 82 91 82 88 88 86 83 89 88 88 90 90 93 91 86 87 85 94 99 94 93 103 143 168 135 179 207 237 231 125 31 36 35 34 35 64 51 37 22 14 15 15 15 12 10 9 6 18 64 68 76 169 166 179 171 145 200 206 234 238 159 32 31 30 30 29 10 9 11 45 139 107 183 199 157 109 106 154 169 173 238 218 86 65 63 59 56 53 47 61 64 66 66 22 10 22 20 27
